weather/src/test/resources/2017_M05_D02_0000(UTC+0900)_L01_1HR.usp
DSAA
          40          40
    317.4720    321.3720
   4137.9580   4141.8584
 -0.1746E+00  0.6209E-01
-2.3561E-03 -9.1191E-03 -7.1797E-03  4.0000E-03  1.3255E-02  1.7997E-02  1.4999E-02  6.5684E-04 -1.0808E-02 -1.3434E-02 -1.2524E-02 -8.6135E-03 -6.3590E-03 -1.2638E-02 -1.6138E-02 -1.9231E-02 -1.8018E-02 -1.0454E-02 -2.2653E-02 -2.0532E-02 -1.6810E-02 -3.6810E-02 -6.2884E-02 -1.1339E-01 -1.5407E-01 -1.7457E-01 -1.4074E-01 -7.0923E-02 -8.4401E-02 -1.3393E-01 -1.3322E-01 -1.0715E-01 -8.1147E-02 -3.3246E-02 -1.2718E-02 -5.6760E-03 -1.4802E-03  9.2523E-03  3.1078E-02  6.2092E-02
-7.9341E-05 -2.1724E-03  2.5157E-05  3.0999E-03  8.2088E-03  1.3733E-02  1.2352E-02  1.1222E-03 -8.9057E-03 -1.2764E-02 -1.0072E-02 -6.4486E-03 -8.8153E-03 -1.1064E-02 -1.2555E-02 -1.4871E-02 -1.4654E-02 -1.0816E-02 -1.6278E-02 -1.7735E-02 -2.5106E-02 -3.6661E-02 -5.1808E-02 -8.4019E-02 -1.2537E-01 -1.6490E-01 -1.1236E-01 -7.6254E-03 -3.5366E-02 -1.1479E-01 -1.2046E-01 -8.3734E-02 -6.8325E-02 -4.2634E-02 -2.9002E-02 -2.1742E-02 -1.4231E-02 -1.0647E-03  1.9750E-02  4.5568E-02
 6.7753E-03  6.2363E-03  1.2655E-03 -1.2900E-03  3.0717E-03  7.8397E-03  8.0049E-03  2.2402E-03 -3.6476E-03 -8.7601E-03 -8.0903E-03 -8.3813E-03 -1.1562E-02 -9.2518E-03 -7.0786E-03 -6.8135E-03 -9.0724E-03 -1.1584E-02 -1.1341E-02 -1.6921E-02 -2.4232E-02 -2.6920E-02 -4.5030E-02 -7.2309E-02 -1.0842E-01 -1.4489E-01 -8.8885E-02  7.5993E-03  3.2651E-03 -9.9280E-02 -1.0955E-01 -5.1862E-02 -5.6354E-02 -6.9629E-02 -6.7643E-02 -5.3091E-02 -3.1983E-02 -1.0728E-02  5.8584E-03  2.1048E-02
 2.0837E-03  4.0988E-03  5.2450E-03  6.5541E-03  4.5956E-03  2.4140E-03 -5.8301E-05 -2.9281E-03 -1.5101E-03 -2.9689E-03 -5.2206E-03 -1.0062E-02 -1.3633E-02 -6.4123E-03  2.1460E-03  3.9695E-03 -1.6528E-03 -7.6592E-03 -9.8138E-03 -1.9754E-02 -1.8699E-02 -1.6497E-02 -4.5500E-02 -5.9362E-02 -6.0013E-02 -8.4791E-02 -7.5970E-02 -3.2566E-02 -3.0037E-02 -1.1224E-01 -9.8764E-02 -3.4424E-02 -7.2126E-02 -1.0632E-01 -9.8657E-02 -7.2297E-02 -3.9516E-02 -1.7280E-02 -5.1384E-03  9.8536E-04
 1.8597E-03  7.5556E-03  1.3180E-02  1.2566E-02  4.1958E-03  3.0546E-03 -3.1983E-03 -7.1753E-03 -2.5553E-03 -2.1243E-03 -2.7920E-03 -6.7889E-03 -9.9516E-03 -2.7665E-03  6.4032E-03  7.6879E-03  3.6516E-04 -1.1040E-02 -1.3713E-02 -1.4744E-02 -1.1641E-02 -2.1309E-02 -5.3348E-02 -5.4199E-02 -1.5676E-02 -4.5798E-03 -5.1770E-02 -4.8875E-02 -4.4430E-02 -1.0101E-01 -9.7304E-02 -7.0130E-02 -1.1233E-01 -1.2451E-01 -1.0772E-01 -7.3420E-02 -4.1580E-02 -2.3337E-02 -9.7504E-03 -3.0934E-03
 4.7040E-03  1.2078E-02  1.6295E-02  1.4730E-02  5.0616E-03  5.8212E-03 -6.9474E-03 -9.6181E-03 -5.8421E-03 -4.0237E-03 -1.3815E-03 -3.6188E-04 -6.8062E-04  3.4983E-03  7.5631E-03  6.8180E-03  3.7620E-04 -8.6356E-03 -7.7887E-03 -6.0386E-03 -1.0867E-02 -3.0901E-02 -5.3114E-02 -4.1282E-02 -6.2728E-03 -3.3933E-03 -1.9926E-02 -3.3139E-02 -6.1669E-02 -9.8269E-02 -9.6212E-02 -8.1215E-02 -1.1361E-01 -1.2443E-01 -1.1016E-01 -7.8436E-02 -5.2764E-02 -2.7871E-02 -9.1661E-03 -2.0603E-03
 1.0565E-02  1.4812E-02  1.6529E-02  1.3945E-02  3.0996E-03  4.2669E-03 -8.2682E-03 -7.5434E-03 -4.8145E-03 -1.8819E-03  1.8416E-03  4.2981E-03  6.5366E-03  9.1428E-03  8.7235E-03  5.0651E-03 -8.6043E-04 -4.9823E-03 -3.4806E-03 -5.2313E-03 -1.2922E-02 -3.0117E-02 -4.4975E-02 -3.1628E-02 -2.3613E-02 -3.7291E-02 -9.7952E-03 -2.4239E-02 -7.5919E-02 -1.0010E-01 -9.1415E-02 -7.0525E-02 -9.1145E-02 -1.2780E-01 -1.1646E-01 -7.8920E-02 -5.3799E-02 -2.3320E-02  3.0226E-03  8.7537E-03
 1.0797E-02  1.4039E-02  1.5715E-02  1.4220E-02  4.8672E-03  1.7796E-03 -1.1828E-02 -1.1044E-02 -4.2321E-03 -6.3564E-05  3.9404E-03  5.0537E-03  8.6872E-03  1.1959E-02  1.0138E-02  3.9109E-03 -1.1000E-03  4.1207E-03  8.4471E-03 -5.4999E-03 -2.0441E-02 -3.3221E-02 -3.2937E-02 -1.3605E-02 -1.5119E-02 -4.3556E-02 -4.2670E-02 -4.3865E-02 -5.3008E-02 -7.2648E-02 -7.7525E-02 -6.9798E-02 -8.7221E-02 -1.2981E-01 -1.1212E-01 -7.1105E-02 -4.1381E-02 -8.2729E-03  1.4753E-02  2.1253E-02
 6.7222E-03  9.7380E-03  9.6574E-03  7.0954E-03  1.5168E-03 -3.8566E-03 -1.4886E-02 -1.0114E-02 -3.4676E-03  7.1464E-04  5.0234E-03  5.9098E-03  9.8708E-03  1.2502E-02  7.2833E-03 -2.5733E-03 -3.3863E-03  7.7992E-03  1.1458E-02 -4.0193E-03 -2.0164E-02 -2.9404E-02 -2.7169E-02 -1.0335E-02  4.1698E-04 -1.9758E-02 -3.0607E-02  5.3425E-04  7.9982E-03 -5.1971E-02 -6.6380E-02 -7.0259E-02 -9.1700E-02 -1.1931E-01 -1.0583E-01 -7.0181E-02 -3.4474E-02 -1.2760E-02 -2.0852E-02 -2.3588E-02
 2.1413E-03  5.0185E-03  1.5661E-03 -3.0641E-03 -1.9253E-03 -5.2210E-03 -1.4371E-02 -8.5069E-03 -2.6175E-03  8.5876E-04  4.8546E-03  6.5937E-03  1.0137E-02  1.2501E-02  5.6254E-03 -5.2121E-03 -5.1964E-03  4.8472E-03  7.3477E-03  4.5933E-04 -1.3913E-02 -2.5900E-02 -2.9692E-02 -1.9896E-02  1.7408E-05  1.5368E-02  1.4148E-02  2.2659E-02  1.3268E-02 -2.2332E-02 -2.1842E-02 -4.3606E-02 -9.0682E-02 -1.2273E-01 -1.2031E-01 -1.1276E-01 -8.9939E-02 -4.0894E-02 -2.8454E-02 -1.1096E-02
-7.8284E-03 -4.7649E-03 -3.5502E-03 -2.5852E-03 -3.1737E-03 -5.5043E-03 -8.4213E-03 -6.3019E-03 -3.2290E-03  9.8550E-05  4.8250E-03  8.8657E-03  1.0862E-02  1.1240E-02  1.0400E-03 -6.4470E-03 -3.7387E-03  1.1874E-03  3.3577E-04 -3.9285E-04 -6.2011E-03 -1.6781E-02 -2.3053E-02 -2.2978E-02 -8.4071E-03  2.1690E-02  2.8629E-02  1.7776E-02  1.1024E-03  6.0525E-04  1.9150E-02 -1.2505E-02 -9.0926E-02 -1.3099E-01 -1.2930E-01 -1.1847E-01 -6.4025E-02 -6.5835E-03 -8.2811E-03 -2.9719E-03
-2.2602E-02 -1.6254E-02 -8.0156E-03  1.3205E-03  4.6849E-03  1.3271E-03 -1.2689E-03 -5.5367E-03 -5.6683E-03 -1.3025E-03  3.9931E-03  7.0383E-03  8.4412E-03  7.1235E-03 -1.8219E-04 -4.5869E-04  1.3659E-03 -2.9305E-03 -5.5710E-03 -2.9665E-03 -4.3836E-03 -1.0414E-02 -1.6951E-02 -2.1795E-02 -9.0628E-03  1.6027E-02  2.4830E-02  1.9177E-02  1.5170E-02  1.3457E-03 -1.8661E-02 -4.4535E-02 -8.1051E-02 -9.8416E-02 -9.7902E-02 -8.6130E-02 -6.2312E-02 -4.8209E-02 -2.2759E-02 -7.0223E-04
-1.4598E-02 -1.2534E-02 -7.1302E-03 -5.2021E-04  1.8759E-03 -2.1441E-03 -5.4759E-03 -7.3955E-03 -8.2470E-03 -2.6878E-03  5.0633E-03  7.0997E-03  3.9099E-03 -3.5548E-03 -2.8384E-03  4.3854E-03  4.8917E-03 -2.1637E-03 -7.1839E-03 -5.2448E-03 -3.3916E-03 -3.5288E-03 -8.1769E-03 -1.4373E-02 -6.5201E-03  1.0537E-02  2.2663E-02  2.1711E-02  1.8451E-03 -2.1826E-02 -3.9339E-02 -5.3742E-02 -6.4429E-02 -5.4935E-02 -3.5267E-02 -3.7218E-02 -4.9278E-02 -4.3704E-02 -9.1239E-03  1.2551E-02
 2.4931E-03 -7.0576E-04 -3.1167E-03 -7.1624E-03 -7.6416E-03 -5.4628E-03 -7.5694E-03 -9.7970E-03 -1.0515E-02 -5.5386E-03  3.7182E-03  9.1541E-03  4.4196E-03 -8.7362E-03 -3.4701E-03  5.1237E-03  2.5922E-03 -9.8655E-04 -1.5955E-03 -1.0208E-03 -1.1299E-03 -2.4406E-03 -5.9111E-03 -9.4652E-03 -5.1309E-03  3.7928E-03  9.8344E-03  1.6790E-02  2.2530E-03 -2.0685E-02 -4.0867E-02 -5.6383E-02 -5.4404E-02 -2.8709E-02  4.3695E-04 -8.1273E-03 -2.6404E-02 -1.6420E-02 -5.2360E-03 -3.1012E-03
 7.8163E-03  1.0651E-02  6.8172E-03 -8.6330E-03 -1.3131E-02 -7.7079E-03 -6.3367E-03 -9.1496E-03 -1.1059E-02 -1.1561E-02 -4.8419E-03  5.7224E-03  4.0452E-03 -3.9111E-03  1.1263E-03  1.2513E-03 -5.1724E-03 -1.8204E-05  4.9006E-03  2.2909E-03 -1.0697E-03 -3.2134E-03 -4.8929E-03 -7.9599E-03 -3.7062E-03  3.6277E-03  5.4351E-03  1.5062E-02  3.6851E-03 -2.2901E-02 -3.8285E-02 -4.8560E-02 -4.8821E-02 -3.5524E-02 -4.8733E-03  3.6606E-03 -6.5717E-03  4.6661E-03 -8.8037E-03 -2.9256E-02
 1.1939E-02  1.3740E-02  5.6401E-03 -1.0140E-02 -1.0406E-02 -3.0151E-03 -5.4753E-03 -1.0935E-02 -1.3699E-02 -1.5925E-02 -1.0015E-02 -2.3379E-03  7.8646E-04  5.3230E-03  8.4345E-03  3.9966E-04 -1.0757E-02 -3.5227E-03  6.4230E-03  2.9822E-03 -2.6354E-03 -5.2251E-03 -6.3933E-03 -8.3841E-03 -3.2072E-03  4.6700E-03  9.1354E-03  1.3974E-02  4.6415E-03 -1.5904E-02 -2.8972E-02 -3.6932E-02 -3.6765E-02 -2.0682E-02  1.1966E-02  1.9024E-02  7.2160E-03 -3.0426E-03 -2.4461E-02 -3.3270E-02
 9.6098E-03  1.2002E-02 -3.3905E-04 -9.5548E-03 -4.5301E-03 -3.1007E-03 -1.0224E-02 -1.2756E-02 -1.5559E-02 -1.5785E-02 -9.1780E-03 -9.9393E-03 -4.7107E-03  8.4116E-03  8.9908E-03 -3.9096E-03 -1.0563E-02 -2.1261E-03  4.8233E-03  1.5028E-03 -2.3383E-03 -4.4961E-03 -5.4394E-03 -7.3168E-03 -2.5202E-03  3.3560E-03  6.0811E-03  8.7415E-03  5.9667E-04 -1.1033E-02 -2.1189E-02 -2.4498E-02 -2.3483E-02 -1.7087E-02  4.2685E-04  1.6136E-02  2.4348E-02  1.3630E-02 -1.6652E-02 -2.5080E-02
 9.6778E-03  1.0009E-02 -3.4888E-03 -9.9719E-03 -2.1255E-03  2.7256E-05 -8.7026E-03 -1.4264E-02 -1.8183E-02 -1.1644E-02 -4.2604E-03 -1.1226E-02 -3.6158E-03  7.5432E-03  3.5323E-03 -5.7651E-03 -8.2349E-03 -4.7927E-03 -2.0481E-03 -1.0037E-03 -1.3396E-04  3.6130E-05 -9.7403E-04 -4.0736E-03 -9.4094E-04  2.3735E-03  1.1330E-04  1.2183E-03 -1.5470E-03 -6.1863E-03 -1.3808E-02 -1.7023E-02 -1.6640E-02 -1.5356E-02 -1.0542E-02  2.6534E-03  2.4053E-02  2.2477E-02 -5.1097E-03 -1.6758E-02
 7.1282E-03  1.0229E-02  3.2776E-03 -3.5791E-03 -1.2493E-03 -2.5039E-03 -1.0582E-02 -1.5651E-02 -1.5042E-02 -6.5157E-03 -4.3233E-03 -7.1910E-03  1.3825E-03  6.8107E-03  1.2532E-04 -4.3396E-03 -7.3224E-03 -6.9688E-03 -4.8342E-03 -2.0870E-03  7.4217E-04  1.7051E-03 -5.7123E-05 -1.6419E-03  1.1952E-03  3.0049E-03 -6.4734E-04 -1.0034E-03 -2.7736E-03 -2.4348E-03 -6.4444E-03 -1.2386E-02 -1.4529E-02 -1.7816E-02 -1.5706E-02 -2.5974E-03  1.7813E-02  2.1782E-02  6.4390E-03 -7.5434E-03
 4.0839E-03  7.6138E-03  4.2280E-03 -5.7554E-04 -2.4916E-03 -6.5713E-03 -7.9366E-03 -1.0246E-02 -8.0776E-03 -4.8938E-03 -9.8358E-03 -6.2850E-03  2.9038E-03  7.7175E-03  4.2899E-03 -1.3922E-03 -5.4503E-03 -4.0979E-03 -1.0454E-03 -4.4857E-04 -2.4072E-03 -3.6268E-03 -3.4509E-03 -2.3915E-03  9.1399E-04  4.0285E-03  4.1813E-03  3.6547E-03  3.1010E-03 -4.0558E-04 -8.2993E-03 -1.2148E-02 -1.7289E-02 -1.9536E-02 -1.2337E-02 -8.1855E-04  1.0725E-02  1.7672E-02  1.1829E-02 -9.8462E-04
 5.3888E-03  5.9528E-03  2.0602E-03 -3.1109E-04 -4.6492E-04 -6.8408E-03 -7.5319E-03 -3.1378E-03 -3.9805E-04 -3.4928E-03 -1.0953E-02 -5.9187E-03  1.8756E-03  6.4180E-03  3.6213E-03  3.0986E-04 -2.0526E-04  6.5921E-04 -2.1455E-04 -1.4086E-03 -3.9515E-03 -4.1818E-03 -1.3900E-03 -6.3776E-04 -2.3129E-03 -1.6893E-03  2.6850E-04  3.3177E-03  5.6783E-03  8.0712E-04 -5.2794E-03 -1.1092E-02 -1.9378E-02 -1.4859E-02  1.0813E-03  7.3164E-03  5.2309E-03  1.1475E-02  9.2795E-03 -7.5654E-04
 2.0795E-03  3.6366E-03  3.8711E-04 -3.2471E-03 -9.2124E-04 -3.5540E-03 -4.1305E-03  9.2136E-05  1.1451E-03 -5.4242E-03 -8.9818E-03 -4.4899E-03  3.6557E-04  2.7498E-03 -8.8071E-05  3.1548E-04  3.8079E-03  3.3465E-03 -3.1767E-03 -3.4092E-03 -2.7183E-03 -2.1777E-03  6.7253E-04 -1.0297E-03 -6.1406E-03 -5.2862E-03 -1.4973E-03  4.2962E-03  7.5277E-03  1.7522E-03 -3.1638E-03 -9.9772E-03 -1.2510E-02 -7.9911E-03  2.2533E-03  6.5617E-03  1.2071E-04  1.8978E-03  1.1904E-05 -8.0425E-03
 1.6893E-03  3.4976E-03  1.5857E-03 -3.1808E-03 -2.8143E-03 -5.0605E-03 -4.3937E-03  1.6276E-03  2.5084E-03 -3.2517E-03 -5.1848E-03 -2.7084E-03 -1.8521E-04  1.9531E-04 -1.3332E-03  5.3671E-04  3.6664E-03  4.5336E-03 -2.4440E-03 -3.8413E-03 -3.1045E-03 -2.1238E-03 -4.2777E-04 -3.2154E-03 -6.4943E-03 -5.8794E-03 -2.1800E-03  4.3677E-03  8.1752E-03  2.6007E-03 -3.1360E-03 -8.0017E-03 -7.1236E-03 -3.1215E-03 -7.3960E-04 -2.3555E-03 -7.0803E-03 -5.5947E-03 -1.5708E-03 -2.2012E-03
 3.4582E-03  4.8578E-03  1.3470E-03 -4.7445E-03 -5.8813E-03 -4.3363E-03 -3.7810E-03 -1.6227E-04 -2.0383E-04 -3.3290E-03 -1.4730E-03  7.9741E-04 -1.1471E-04 -6.3631E-04 -5.4941E-04 -1.4595E-03 -9.6125E-04  2.9398E-03 -3.1907E-05 -5.9540E-03 -4.0580E-03  1.3011E-03  1.9700E-03 -3.1118E-03 -5.7829E-03 -4.8671E-03 -3.6229E-04  5.9999E-03  8.8713E-03  2.6946E-03 -5.2255E-03 -7.2399E-03 -4.7478E-03 -2.0401E-03 -3.4427E-03 -7.0471E-03 -7.1767E-03 -5.5571E-03 -3.0788E-03 -1.5138E-03
 2.9379E-03  5.2577E-03  2.1589E-03 -2.0746E-03 -5.7430E-03 -4.9146E-03 -1.5954E-03  2.7295E-06 -1.8148E-03 -1.7724E-03  2.8073E-03  3.4600E-03 -2.0103E-05 -8.8330E-04 -1.5319E-03 -3.3038E-03 -2.2013E-03  1.3329E-03  3.5055E-04 -6.1970E-03 -4.3089E-03  4.5092E-04  1.2595E-03 -8.9772E-04 -4.4716E-03 -4.3832E-03  1.8128E-04  6.6982E-03  6.8687E-03  3.2560E-04 -5.6032E-03 -5.7552E-03 -3.5352E-03 -3.1284E-03 -5.5113E-03 -7.7849E-03 -5.5964E-03 -2.9194E-03 -1.8482E-03  1.2720E-04
 3.5432E-03  4.1657E-03  2.7977E-03 -3.1854E-03 -6.2456E-03 -2.4142E-03  2.2916E-03 -1.2700E-04 -4.2534E-03 -1.8638E-03  3.4248E-03  1.8891E-03 -9.4513E-04  1.7363E-03  2.9827E-03  2.4973E-04 -5.3633E-04  5.8917E-04 -1.0496E-03 -5.3206E-03 -3.3002E-03  1.9789E-04  1.2415E-03 -1.5192E-03 -5.5533E-03 -5.1240E-03 -5.1906E-05  6.5820E-03  3.4748E-03 -1.7859E-03 -4.8646E-03 -6.4780E-03 -5.6697E-03 -4.0856E-03 -4.9710E-03 -5.4055E-03 -2.0550E-03 -8.5710E-04 -2.2636E-03  8.6278E-04
-1.7523E-03 -2.3893E-03 -3.4206E-03 -8.3185E-03 -5.4725E-03  2.2914E-03  2.4925E-03 -3.2694E-03 -4.7505E-03 -1.4116E-03  2.5114E-03 -6.3867E-04 -1.9165E-03  3.0648E-03  5.1831E-03  2.3954E-03 -2.3434E-03 -1.2488E-03 -1.0451E-03 -3.1302E-03 -2.8697E-04  1.0518E-03  9.1056E-04 -3.1327E-03 -6.7258E-03 -5.0652E-03 -1.6589E-04  3.8533E-03 -1.3345E-03 -4.6467E-03 -3.6886E-03 -6.0963E-03 -4.9193E-03 -4.0409E-03 -7.3944E-03 -4.9342E-03 -1.5550E-03  3.6607E-04  2.2312E-03  5.2783E-03
-5.7737E-03 -1.2241E-02 -1.6224E-02 -1.4411E-02 -4.1792E-03  5.1291E-03  2.0883E-03 -4.9623E-03 -3.5178E-03  6.5261E-05 -4.0471E-04 -3.9564E-03 -3.6569E-03  1.0527E-03  1.7818E-03  3.0237E-04 -1.1546E-03  3.4914E-04  1.1579E-03  3.8318E-04  1.4097E-03  2.5258E-03  2.5248E-03 -3.0334E-03 -5.6462E-03 -3.3804E-03 -1.1871E-03 -8.5854E-04 -4.7436E-03 -5.0788E-03 -2.2857E-03 -3.2562E-03 -3.7797E-03 -4.3017E-03 -6.5008E-03 -4.6909E-03 -1.0567E-03  2.2018E-03  5.0841E-03  4.2594E-03
-1.4811E-02 -1.7013E-02 -2.0094E-02 -1.3011E-02  2.8515E-03  4.8942E-03  2.1395E-03 -1.7617E-03 -2.9090E-03 -1.4197E-03 -3.2138E-03 -5.3640E-03 -3.5962E-03  3.7248E-04 -1.5450E-03 -2.5038E-03 -2.1126E-03  4.3653E-04  3.0126E-03  2.1653E-03 -9.9613E-04  2.3289E-03  3.7485E-03 -4.3172E-04 -3.8825E-03 -2.9918E-03 -2.1847E-03 -1.2245E-03 -4.2289E-03 -4.7599E-03 -1.0341E-03 -1.6101E-03 -4.0214E-03 -3.9837E-03 -3.1368E-03 -5.6780E-03 -1.9123E-03  2.4377E-03  5.0484E-03  3.1992E-03
-1.2733E-02 -6.0663E-03 -4.6200E-03 -6.5414E-03 -8.6091E-03 -8.5817E-03  5.4322E-03  4.8814E-03 -9.3718E-03 -9.9770E-03 -4.7729E-03 -3.1711E-03 -7.8660E-04  1.2950E-03 -3.1888E-03 -4.1677E-03 -2.7648E-03  6.3026E-04  3.8464E-03  3.5596E-03 -8.8485E-05  1.2619E-03  1.7795E-03 -8.2154E-04 -1.7260E-03 -4.7844E-04 -7.1583E-04 -2.4388E-03 -7.3016E-03 -4.4832E-03  2.6504E-03  3.6038E-03  4.9508E-04 -2.5897E-03 -3.8391E-03 -9.3437E-03 -5.3133E-03  4.8982E-04  4.7012E-03  5.5237E-03
-1.7781E-02 -6.6676E-03  4.6414E-03  3.1679E-03 -1.1202E-02 -9.5535E-03  2.2546E-03 -2.5929E-03 -1.5707E-02 -1.6624E-02 -1.0763E-02 -5.5498E-03 -5.8888E-04  1.7050E-03 -9.9732E-04 -3.0178E-03 -1.9766E-03  7.1226E-04  3.2403E-03  3.9381E-03  1.0490E-03 -6.7506E-04 -1.0755E-03 -7.4954E-04 -3.7193E-04  1.3083E-04 -4.2393E-04 -2.5239E-03 -6.5403E-03 -3.2965E-03  2.3046E-03  1.0827E-03 -1.3483E-03 -4.0397E-03 -4.8769E-03 -9.1994E-03 -3.9700E-03  1.3776E-03  2.1455E-03  1.3287E-03
-1.8972E-03 -1.9109E-03 -1.1755E-02 -9.8270E-03 -3.3765E-03  7.4063E-03  1.0306E-02 -1.8913E-03 -9.0220E-03 -1.1495E-02 -9.2159E-03 -5.6491E-03 -2.2316E-03  8.3568E-04  4.7237E-04 -5.3734E-04  3.5449E-04  1.1598E-03  2.4856E-03  4.1265E-03  2.3796E-03 -2.3728E-03 -2.2894E-03  8.0292E-05  9.9160E-04  5.7569E-04 -1.0632E-03 -1.5606E-03 -2.4403E-03 -1.1975E-03 -3.5103E-04 -2.3620E-03 -4.5410E-03 -6.1272E-03 -6.6236E-03 -7.6886E-03 -3.1611E-03 -7.9180E-04 -2.2465E-03 -1.0177E-03
-5.4106E-03 -1.4962E-02 -2.6395E-02 -1.8248E-02  9.0759E-03  2.5238E-02  1.6922E-02  7.2327E-03  1.0705E-02  3.9171E-03  1.9189E-03 -1.6758E-03 -3.9453E-03 -1.7744E-03 -1.7005E-03 -8.5615E-04  9.5706E-04  1.1521E-03  8.6471E-04  2.8279E-03  1.5799E-03 -2.8376E-03 -1.8840E-03  1.6005E-03  2.4444E-03  2.8635E-04 -2.9638E-03 -3.9520E-03 -2.7416E-03  1.9225E-03  8.9553E-05 -6.4246E-03 -7.6539E-03 -7.2601E-03 -5.9901E-03 -2.6961E-03 -9.4127E-04 -3.4417E-03 -4.6800E-03 -1.3234E-03
-5.5015E-03 -6.8668E-03 -1.9229E-02 -2.0572E-02  9.0260E-03  3.2426E-02  3.1271E-02  2.1354E-02  2.1385E-02  1.5686E-02  8.8347E-03 -3.3119E-03 -3.4479E-03 -1.3127E-04 -1.8552E-03 -1.4486E-03  7.0011E-05  1.3153E-03  1.3773E-03  2.2009E-03  6.9696E-04 -3.0675E-03 -2.2070E-03  8.3893E-05  1.7105E-03  2.5428E-03 -1.1671E-03 -5.5531E-03 -3.5412E-03  4.7841E-03  2.5357E-03 -6.8847E-03 -9.6977E-03 -8.3974E-03 -3.3008E-03  2.6763E-03  1.1411E-03 -5.4467E-03 -5.7409E-03 -1.9220E-03
 9.1333E-03  9.2564E-03 -5.6263E-03 -1.0176E-02  1.0583E-02  3.2371E-02  3.1638E-02  1.8087E-02  1.4665E-02  1.3316E-02  1.3540E-02  4.8692E-03  1.1724E-03  2.7448E-03  2.4409E-04 -4.8528E-04 -8.0682E-04  2.7767E-04  2.2489E-03  2.3852E-03 -1.4335E-04 -2.4060E-03 -2.3272E-03 -1.5501E-03  6.9522E-04  4.1769E-03  1.4165E-03 -2.7947E-03 -3.3268E-03  7.7441E-04  5.2845E-04 -6.2844E-03 -1.0245E-02 -7.2763E-03 -1.6350E-03  1.3205E-03 -8.5601E-05 -5.2174E-03 -5.4539E-03 -3.1837E-03
 9.9229E-03  8.1829E-03 -2.4950E-04  8.7805E-03  2.1377E-02  2.5796E-02  2.5546E-02  2.3077E-02  1.8146E-02  1.5155E-02  2.5128E-02  1.7734E-02  2.0540E-03  1.1694E-03  4.8035E-04 -3.1891E-04 -1.7416E-03 -1.3602E-03  2.0229E-04  4.5624E-05 -9.4627E-04 -1.3878E-03 -4.5857E-04  1.0059E-03  2.7610E-03  2.2973E-03 -1.0768E-03 -4.6641E-03 -5.2926E-03 -1.4474E-03  1.5750E-03 -4.3919E-03 -7.6315E-03 -2.2124E-03 -1.8003E-03 -5.2460E-03 -4.2887E-03 -3.9616E-03 -3.8874E-03 -3.0785E-03
 1.0677E-02  1.0708E-02  6.2771E-03  1.4808E-02  2.6653E-02  2.7752E-02  2.5666E-02  2.0295E-02  1.2465E-02  2.0191E-02  3.0719E-02  1.7687E-02 -4.7281E-03 -3.6513E-03 -3.6809E-05  2.9822E-04 -8.3081E-04 -8.4830E-04 -8.4812E-04 -1.7963E-03 -1.5685E-03 -1.4346E-03  5.7018E-04  2.2581E-03  1.7259E-03 -9.4144E-04 -2.0515E-03 -1.5473E-03 -1.4390E-03 -7.1354E-04 -1.3951E-03 -6.1089E-03 -6.6054E-03 -1.8478E-03 -4.1691E-03 -7.1225E-03 -5.4012E-03 -2.6423E-03 -1.3514E-03 -1.0911E-03
 4.0541E-03  4.8319E-03  7.6488E-03  1.8283E-02  2.8984E-02  2.8670E-02  2.1801E-02  9.8748E-03  2.2842E-03  1.9806E-02  3.1081E-02  1.6442E-02 -9.7960E-03 -7.9630E-03 -1.1326E-03  5.9577E-04 -1.7400E-04 -7.8271E-04 -5.6118E-04 -9.5452E-04 -4.3231E-04 -4.2192E-04  3.3286E-04  1.3930E-03  1.1997E-03 -6.8136E-04 -1.3610E-03 -4.4480E-05  1.1052E-04 -1.9193E-04 -1.9774E-03 -6.4971E-03 -8.0486E-03 -2.0191E-03  3.8337E-04 -1.6080E-03 -1.5602E-03 -3.1067E-03 -4.0301E-03 -4.3911E-03
 1.0018E-03  2.7243E-03  8.8524E-03  2.0283E-02  3.0111E-02  3.0402E-02  1.3475E-02 -4.9464E-03  8.7546E-04  2.1500E-02  3.0292E-02  1.2792E-02 -1.3102E-02 -9.9108E-03 -1.6996E-03  4.7353E-04  4.5073E-04  2.0671E-04  1.4547E-04 -1.0439E-03 -1.0141E-03 -3.9042E-04  6.3421E-04  2.3638E-03  2.1896E-03 -6.7708E-04  1.9924E-04  2.2933E-03  1.3927E-03  4.1445E-04 -3.1606E-03 -8.2402E-03 -8.0864E-03 -2.4997E-03  2.3630E-03  4.6446E-03  3.3333E-03 -4.7932E-03 -5.4790E-03 -4.3031E-03
 3.2174E-04  2.2964E-03  9.9614E-03  2.2143E-02  3.0943E-02  2.7431E-02  5.7065E-03  1.2302E-04  1.9028E-02  2.8887E-02  1.9259E-02 -6.7261E-03 -1.8559E-02 -9.0832E-03 -1.3573E-03  2.5046E-04  6.0074E-04  5.4681E-04  3.9463E-04 -6.3216E-04 -1.1280E-03 -3.6160E-04  8.9086E-04  2.9133E-03  2.1555E-03 -9.5584E-04  1.9378E-03  4.4752E-03  2.3228E-03  2.9908E-03 -1.1368E-03 -8.0545E-03 -8.1423E-03 -2.7295E-03  3.0988E-03  6.3789E-03  4.0761E-03 -4.8858E-03 -6.4236E-03 -5.3378E-03
