weather/src/test/resources/2017_M05_D02_0000(UTC+0900)_L01_1HR.vsp
DSAA
          40          40
    317.4720    321.3720
   4137.9580   4141.8584
 -0.4503E-01  0.1482E+00
-1.3092E-03  1.9166E-03  7.8830E-03  1.3305E-02  8.8656E-03  1.9512E-03 -3.0388E-03 -4.8345E-03 -6.5987E-03 -3.8103E-03 -8.3463E-03 -2.2375E-03 -4.3146E-03 -9.2166E-03 -6.6527E-03 -3.7549E-03 -6.2305E-04 -7.2874E-04  2.6785E-04  1.4970E-02  2.1278E-02  5.0682E-03  3.9021E-03  3.7139E-03  3.0369E-02  4.6885E-02  1.0126E-02  2.6452E-02  7.8849E-02  5.3193E-02  3.0689E-02  3.4601E-02  3.2085E-02  2.3794E-02  1.8224E-02  1.0863E-02  5.4187E-03  3.0420E-04 -6.6433E-03 -1.4659E-02
-2.3764E-03  4.9857E-03  1.2096E-02  1.3088E-02  9.8938E-03  1.5195E-03 -5.3719E-03 -9.9950E-03 -6.1340E-03 -4.0430E-03 -4.5356E-03 -2.1052E-03 -8.7086E-03 -1.2526E-02 -1.0823E-02 -6.3101E-03  5.7758E-04 -1.5213E-04  3.2551E-03  1.5377E-02  1.4007E-02  5.7633E-03  8.2562E-03 -2.7835E-03  2.2821E-02  4.1113E-02  4.5865E-02  8.1044E-02  1.0263E-01  9.4360E-02  7.7205E-02  8.4909E-02  8.0852E-02  6.4819E-02  4.9708E-02  3.3385E-02  1.9471E-02  6.9027E-03 -6.4489E-03 -2.4354E-02
-1.0168E-04  1.8708E-03  6.5177E-03  9.8651E-03  1.1968E-02  7.7934E-03 -1.1850E-05 -8.1059E-03 -5.5124E-03 -3.3093E-03  2.1806E-03  1.5644E-03 -8.2696E-03 -1.3664E-02 -1.1779E-02 -3.9530E-03  6.2059E-03  6.4460E-03  1.0567E-02  1.0795E-02  4.0892E-03  6.4251E-03  9.2406E-03 -1.2375E-02 -1.0387E-03  4.9084E-02  1.0500E-01  1.2283E-01  1.1770E-01  1.0703E-01  9.8859E-02  1.1495E-01  1.1453E-01  9.1264E-02  6.6606E-02  4.6468E-02  3.4927E-02  2.4432E-02  1.4730E-02  2.4837E-03
-1.2608E-02 -1.1588E-02 -4.7762E-03  7.8146E-03  1.0903E-02  1.0278E-02  4.5298E-03 -6.1883E-03 -9.6315E-03 -7.5181E-03 -1.2703E-03 -1.7787E-03 -7.0239E-03 -9.3857E-03 -6.8599E-03  1.0436E-03  1.0500E-02  1.2986E-02  1.0992E-02  6.9178E-03  1.1184E-02  1.8967E-02  7.4009E-03 -1.9794E-02 -2.6152E-02  5.7738E-02  1.3363E-01  1.4820E-01  1.3432E-01  1.0059E-01  1.0548E-01  1.0994E-01  8.5863E-02  5.2621E-02  3.9637E-02  4.5332E-02  5.5027E-02  5.5769E-02  5.3529E-02  5.0284E-02
-1.5797E-02 -1.1760E-02 -5.9530E-03  2.0094E-03  9.8071E-04  1.4171E-03  1.3522E-03 -5.9950E-03 -1.3091E-02 -1.3944E-02 -1.1652E-02 -1.0062E-02 -7.8556E-03 -2.5460E-03  7.8690E-04  5.4953E-03  1.1615E-02  1.4064E-02  1.1392E-02  1.3221E-02  2.2084E-02  2.0244E-02  1.6049E-03 -7.0279E-03 -5.7221E-03  4.7594E-02  9.4594E-02  1.3900E-01  1.3846E-01  1.1975E-01  1.2634E-01  1.1492E-01  7.8255E-02  5.3534E-02  4.5517E-02  5.6958E-02  6.8320E-02  7.1911E-02  7.3805E-02  7.5611E-02
-9.8741E-03 -3.4161E-03 -3.8939E-03 -3.1327E-03 -5.6094E-03 -3.0533E-03 -3.9099E-04 -6.2572E-03 -1.2250E-02 -1.2655E-02 -1.0171E-02 -9.4420E-03 -6.3195E-03  2.6020E-03  5.7639E-03  8.0974E-03  1.0296E-02  1.6107E-02  1.8128E-02  2.0812E-02  2.3421E-02  1.8759E-02  1.3918E-02  2.8508E-02  4.8892E-02  4.1816E-02  4.1361E-02  1.0833E-01  1.0608E-01  9.8157E-02  1.1605E-01  1.1870E-01  1.0214E-01  9.5672E-02  8.3820E-02  8.8324E-02  8.5722E-02  8.5515E-02  8.4341E-02  8.5736E-02
-1.0410E-03  2.2094E-03 -1.5066E-03 -2.4212E-03 -3.8707E-03 -3.0389E-03 -4.3354E-03 -4.3501E-03 -6.5751E-03 -5.9295E-03 -4.1053E-03 -4.6985E-03 -2.8983E-03  2.4369E-03  5.1748E-03  5.0587E-03  3.7315E-03  1.0321E-02  1.7366E-02  2.1124E-02  1.8444E-02  1.2410E-02  1.1488E-02  2.5725E-02  4.7753E-02  5.1436E-02  5.6889E-02  5.2761E-02  5.4563E-02  6.6340E-02  9.5107E-02  1.0605E-01  1.1140E-01  1.0840E-01  1.0878E-01  1.1689E-01  1.2001E-01  1.1569E-01  1.0688E-01  1.0201E-01
 7.0275E-03  7.3752E-03  5.6371E-03  1.7447E-03  8.1991E-04  1.5635E-03 -4.6041E-03 -4.1264E-03 -2.5090E-03 -1.2554E-03 -3.9346E-04 -1.3087E-03 -7.5120E-04  6.9011E-04  1.2761E-03 -1.7480E-03 -5.4868E-03 -1.3875E-03  7.9260E-03  1.1407E-02  9.2191E-03  1.9075E-03 -1.0200E-02 -1.5775E-02  9.8250E-04  2.1929E-02  2.4830E-02 -8.7147E-03  5.2020E-02  8.0603E-02  9.6505E-02  1.0173E-01  9.5306E-02  8.4051E-02  1.1134E-01  1.2433E-01  1.4151E-01  1.3944E-01  1.3396E-01  1.1493E-01
 1.6662E-02  1.6071E-02  1.2988E-02  4.7715E-03  2.0312E-03  1.0579E-03 -3.4704E-03 -3.1045E-03 -1.1898E-03 -4.3966E-04 -2.1782E-04  1.0909E-03  1.7094E-03  2.9426E-03  4.4324E-03  1.7470E-03 -3.3107E-03 -2.4925E-03 -4.4378E-03 -6.2418E-03  4.4326E-04  1.3928E-03 -3.7004E-03 -2.0390E-02 -3.2793E-02 -1.8678E-02 -6.8743E-03  9.2842E-04  4.5652E-02  6.4745E-02  9.6916E-02  1.1001E-01  9.9823E-02  8.5706E-02  9.9695E-02  1.0569E-01  1.0694E-01  9.9643E-02  8.9090E-02  6.0579E-02
 2.1065E-02  1.4966E-02  6.4781E-03 -2.2979E-03 -6.0831E-03 -9.8100E-03 -6.3769E-03 -1.5999E-03  2.2798E-04  2.2472E-04  4.8339E-04  3.7676E-03  3.9982E-03  4.8002E-03  5.5087E-03  3.2997E-03  2.2209E-03  2.1647E-03 -7.4836E-03 -1.3731E-02 -8.7109E-03 -8.6403E-04  4.6955E-03 -2.8225E-03 -2.3335E-02 -2.2628E-02 -6.2790E-03  1.5505E-02 -2.9003E-03  1.3170E-02  7.0221E-02  9.7344E-02  9.5943E-02  6.4718E-02  3.9398E-02  1.7905E-02 -8.9408E-03 -2.1644E-02 -3.5094E-02 -3.2126E-02
 1.4816E-02  2.4991E-03 -9.1638E-03 -1.3764E-02 -1.2120E-02 -9.1479E-03 -2.7521E-03  3.3388E-03  3.8626E-03  2.8187E-03  2.5384E-03  4.3692E-03  4.1560E-03  2.7521E-03 -1.2790E-03 -2.2959E-03  3.5343E-03  2.8588E-03 -6.1798E-03 -1.1986E-02 -1.3782E-02 -5.2542E-03  3.8136E-03  7.9100E-03  1.4306E-03 -1.8172E-03  3.5782E-03  1.3267E-02  1.0247E-02  3.4328E-02  4.8199E-02  4.9016E-02  3.5267E-02  6.1356E-03  1.3431E-02 -5.9065E-03 -9.6802E-03 -1.5406E-02 -2.6107E-02 -1.8735E-02
 8.8499E-04  1.7102E-03 -8.8394E-04 -2.4453E-03  1.3768E-03  6.4574E-03  8.9725E-03  1.0508E-02  8.9689E-03  7.2228E-03  7.3473E-03  8.4874E-03  7.9037E-03  2.9875E-03 -5.7713E-03 -3.8982E-03  2.8027E-03  4.1263E-03  4.0485E-04 -4.4620E-03 -8.6347E-03 -4.0911E-03  2.1151E-03  7.5695E-03  8.7258E-03  1.2317E-02  1.8432E-02  3.3664E-02  4.1659E-02  4.8111E-02  3.8231E-02  1.0932E-02 -1.8596E-03  1.6655E-02  6.5539E-02  8.7969E-02  1.0002E-01  9.0802E-02  8.6126E-02  9.1362E-02
-6.4585E-03  6.6626E-03  1.2942E-02  1.3767E-02  1.3263E-02  1.3978E-02  1.3798E-02  1.1957E-02  1.2840E-02  1.1941E-02  1.0196E-02  1.0119E-02  1.0976E-02  4.3240E-03 -6.3703E-03 -4.9126E-03 -3.6459E-03 -2.5904E-03 -1.8215E-03 -1.6111E-03 -2.1248E-03 -9.7381E-06  1.2587E-03  3.1107E-03  7.5482E-03  1.3415E-02  1.9058E-02  3.0333E-02  4.1791E-02  3.5872E-02  2.5448E-02  7.5451E-03  9.3064E-03  4.1990E-02  6.7606E-02  9.9621E-02  1.1507E-01  1.2947E-01  1.3816E-01  1.3285E-01
-1.1614E-02  1.5939E-03  1.3579E-02  1.6473E-02  1.2946E-02  1.0377E-02  1.3027E-02  1.1376E-02  1.2231E-02  1.0395E-02  3.4313E-03 -1.5260E-03 -5.3163E-04 -2.0308E-03 -3.9743E-04  1.7838E-03 -5.0829E-03 -8.9889E-03 -3.9786E-03  1.6448E-03  4.7650E-03  4.9367E-03  4.0983E-03  3.5437E-03  5.2479E-03  9.7509E-03  1.4547E-02  1.9594E-02  3.5147E-02  3.4454E-02  2.9497E-02  1.6378E-02  2.3507E-02  4.0930E-02  4.9386E-02  6.9744E-02  8.2710E-02  1.0023E-01  1.1330E-01  1.0753E-01
-9.1438E-03 -1.3071E-03  6.1421E-03  8.9889E-03  1.1039E-02  1.3459E-02  1.5605E-02  1.5216E-02  1.4696E-02  1.0708E-02  3.9173E-03 -2.6180E-03 -7.9403E-03 -5.0750E-03  7.6187E-03  1.0456E-02  2.7478E-03 -3.8575E-03  1.9219E-03  6.2961E-03  7.6860E-03  5.9940E-03  4.6939E-03  1.7497E-03 -4.0047E-04  1.0112E-03  5.0076E-03  1.1074E-02  2.1342E-02  2.0423E-02  1.8712E-02  1.3899E-02  2.2069E-02  3.0128E-02  3.8345E-02  4.8154E-02  6.1311E-02  6.9677E-02  7.1338E-02  6.2654E-02
-3.7863E-05  3.5599E-03  2.5825E-03 -1.3936E-03  6.1316E-03  1.4670E-02  1.4463E-02  1.3483E-02  1.2035E-02  7.4713E-03  7.8315E-03  4.7255E-03 -7.4431E-03 -3.7423E-03  7.2959E-03  7.3030E-03  4.2446E-03  2.0947E-03  2.7401E-03  3.5741E-03  4.0755E-03  2.4656E-03  1.7728E-03  4.0935E-04  1.0024E-04  5.8512E-04  3.5571E-03  9.8609E-03  1.3727E-02  1.5918E-02  1.5682E-02  1.3364E-02  1.9126E-02  2.2252E-02  2.5032E-02  2.5286E-02  4.5211E-02  5.8996E-02  5.6969E-02  5.3617E-02
-5.9878E-03  2.6152E-03  3.6434E-03 -1.9580E-03  4.2249E-03  1.2711E-02  1.1051E-02  1.1110E-02  6.9275E-03  2.6895E-03  9.8130E-03  8.7604E-03  1.3968E-03  3.5429E-03  2.6588E-03 -3.2697E-03  1.9242E-04  3.5322E-03 -2.7645E-03 -6.1678E-03 -5.6250E-03 -5.2309E-03 -4.1002E-03 -8.7122E-04  3.6602E-03  6.8298E-03  9.7257E-03  1.1188E-02  1.3243E-02  1.5297E-02  1.7425E-02  1.9116E-02  2.4181E-02  2.5318E-02  1.7471E-02  2.8683E-03  1.2066E-02  3.4233E-02  4.4982E-02  4.2784E-02
-4.5446E-03 -8.4050E-04  4.7351E-04  4.0446E-03  7.2434E-03  1.2570E-02  1.1781E-02  9.6712E-03  3.5635E-03  4.6671E-03  1.0966E-02  6.8639E-03  8.6338E-03  8.8046E-03  3.2352E-03 -9.8874E-04  2.3235E-03  2.4030E-03 -5.1259E-03 -6.2221E-03 -6.7040E-03 -7.2858E-03 -7.3446E-03 -3.7396E-03  3.0912E-03  6.0086E-03  7.1911E-03  6.0176E-03  6.9545E-03  1.0562E-02  1.7829E-02  2.0482E-02  2.2976E-02  2.1515E-02  1.2805E-02  1.1095E-03  1.4656E-03  1.2302E-02  2.5692E-02  2.4331E-02
 1.4368E-03 -1.3532E-03 -7.2278E-04  7.9341E-03  1.2343E-02  1.1177E-02  7.4044E-03  5.7504E-03  7.5839E-03  1.4105E-02  1.1666E-02  1.5688E-03  6.1815E-03  5.2072E-03  2.0048E-03  3.7803E-03  4.1540E-03  1.7808E-03  4.4915E-04  2.4398E-03  1.7637E-03 -1.9055E-03 -5.1332E-03 -4.7110E-03 -2.2815E-03 -7.1638E-04  3.0147E-03  7.8594E-03  1.1675E-02  1.7096E-02  2.1816E-02  2.2675E-02  2.2804E-02  1.5132E-02  8.7813E-03  1.0061E-02  8.5068E-03  9.2635E-03  1.5394E-02  1.9551E-02
 5.7254E-03  2.4794E-03  1.8764E-03  4.0574E-03  7.4208E-03  5.6834E-03  2.9029E-03  3.2685E-03  1.2272E-02  1.6310E-02  8.2304E-03 -2.5592E-03 -4.5093E-03 -4.2504E-03 -3.2914E-03 -9.9233E-04  4.4400E-04  3.4975E-03  5.7132E-03  6.8209E-03  6.7270E-03  4.7221E-03  3.3532E-03  3.2902E-03  3.3905E-03  1.5293E-03  5.3162E-04  4.3695E-03  1.0861E-02  1.7436E-02  1.9227E-02  2.1576E-02  1.5023E-02 -5.0417E-04 -2.2759E-03  1.3197E-02  1.4466E-02  9.8546E-03  9.8140E-03  1.4110E-02
 3.5092E-03  2.9617E-03  2.5628E-03  1.0679E-03  7.6237E-04  1.6067E-03  1.2141E-03  2.1680E-03  9.8014E-03  1.0915E-02  3.9615E-03 -1.0913E-03 -3.2518E-03 -2.6052E-03 -2.8769E-03 -4.2640E-03 -1.4019E-03  5.8953E-03  7.8662E-03  6.3117E-03  6.7453E-03  6.4285E-03  6.7844E-03  6.9090E-03  6.2247E-03  2.2807E-03 -3.1613E-03 -9.1242E-04  7.1362E-03  1.2586E-02  1.4967E-02  1.6084E-02  8.3286E-03  1.4527E-03  8.9968E-04  1.4222E-02  1.7837E-02  1.2714E-02  7.6110E-03  4.4361E-03
 4.3550E-04  1.0148E-05  1.8432E-04  9.1692E-04 -9.5216E-04 -1.9540E-03 -3.7943E-03 -2.1094E-03  2.9906E-03  3.4749E-03  5.3239E-04  9.8128E-04  7.0864E-04  1.0425E-03  1.9172E-04 -1.3232E-03  1.3101E-03  4.9511E-03  5.7986E-03  3.8925E-03  4.9345E-03  4.8503E-03  6.5578E-03  4.9771E-03  3.0285E-03  1.0818E-03 -1.2364E-03 -1.0895E-04  4.0788E-03  8.0565E-03  1.0427E-02  8.6357E-03  7.1069E-03  8.9138E-03  1.0217E-02  1.2990E-02  1.3121E-02  6.8191E-03 -3.3769E-04 -2.2618E-03
-2.9343E-04 -4.3978E-04 -8.1249E-04  5.1046E-04 -2.8794E-03 -4.1196E-03 -3.6230E-03 -3.1598E-03 -3.1512E-03 -3.0084E-03 -1.9723E-03  2.7573E-03  3.9222E-03  3.2666E-03  2.9723E-03  3.2910E-03  2.2041E-03  6.2385E-04  3.1944E-03  3.7131E-03  3.7659E-04 -1.5772E-04  2.2908E-03 -3.1036E-05 -3.0412E-05  5.5652E-04  5.4753E-04  1.3393E-03  1.5961E-03  4.0213E-03  4.8955E-03  2.5729E-03  5.7797E-03  7.8022E-03  8.1988E-03  6.5774E-03  1.3048E-03 -4.2422E-03 -9.3892E-03 -9.7121E-03
-6.0719E-04 -3.8347E-04 -2.4861E-03 -2.2569E-03 -2.3478E-03 -5.1321E-03 -3.4056E-03 -2.6555E-03 -5.3027E-03 -5.0770E-03 -2.5598E-03  2.5010E-03  3.7492E-03  2.9304E-03  4.7631E-03  4.8695E-03  2.1290E-03 -1.7163E-03 -2.7158E-03  1.4700E-03 -4.7373E-04  6.5560E-04  1.0258E-03  1.6526E-03  2.1990E-03  2.1348E-03  2.7916E-03  3.4866E-03  2.1145E-03  2.6595E-03  3.9177E-04 -5.3057E-04  1.7893E-03  1.8555E-03  1.3661E-03  5.7827E-04 -2.0580E-03 -2.0835E-03 -2.3580E-03 -1.6940E-03
 1.4489E-03 -1.2447E-04 -3.3172E-03 -2.3152E-03 -2.8126E-03 -5.8706E-03 -4.5991E-03 -2.2196E-03 -5.0199E-03 -5.0382E-03 -2.4542E-03 -9.7939E-04 -1.3564E-03 -1.7957E-03  1.2835E-03  1.4377E-03  2.0615E-03  2.3968E-03 -3.3949E-04  1.7353E-03  3.1072E-03  4.5771E-03  3.6116E-03  5.3287E-03  5.2120E-03  4.4760E-03  4.0046E-03  4.4981E-03  2.2824E-03 -1.0180E-03 -2.2693E-03 -1.3276E-03 -1.0492E-03 -1.4142E-03 -2.5085E-03 -2.3379E-03 -2.5456E-03 -1.0612E-04  2.2932E-03  3.2675E-03
 7.6267E-03  4.0864E-03  8.0463E-04 -3.9919E-05 -3.9382E-03 -2.5631E-03 -5.8528E-05  4.9150E-04 -2.6245E-03 -3.0130E-03 -1.7832E-03 -3.2168E-03 -4.3854E-03 -3.5379E-03 -8.9593E-04  2.2458E-03  3.6367E-03  3.4801E-03  2.5120E-03  8.6332E-04  4.0885E-03  6.5176E-03  6.6675E-03  7.1527E-03  5.4041E-03  2.9491E-03  1.4911E-03  3.7820E-03  3.3108E-03 -2.6729E-03 -1.6298E-03 -1.9324E-04 -2.3238E-03 -2.6294E-03 -4.1926E-03 -5.0151E-03 -5.0122E-03 -4.0039E-03  1.5149E-04  1.4625E-03
 1.1498E-02  7.8109E-03  2.4142E-03 -3.6598E-03 -3.5876E-03  1.1711E-03  2.4565E-03  1.2086E-03 -9.0336E-04  7.7250E-04  9.3965E-04 -3.7314E-04 -2.1383E-03 -1.3848E-03 -3.0470E-03 -3.2909E-03 -2.9824E-03 -3.8640E-03 -2.8747E-03 -3.4514E-03  7.9338E-04  4.1272E-03  5.6563E-03  5.6367E-03  4.0167E-03  3.9185E-03  5.7047E-03  6.4853E-03  4.7805E-03  1.3865E-03  1.7788E-03  3.1246E-03  3.0860E-03  2.5548E-03  9.8820E-05 -1.7356E-03 -2.0354E-03 -1.4255E-03  5.3347E-04  1.2104E-03
-1.7610E-03  9.3693E-04 -3.9062E-04 -6.2959E-03 -1.6082E-03  2.3663E-03 -8.2130E-04  1.3238E-03  1.9879E-03  3.4832E-03  2.4718E-03  1.6653E-03 -5.8563E-06  8.0548E-04 -2.6084E-03 -4.9797E-03 -5.0998E-03 -5.6493E-03 -5.7018E-03 -4.0604E-03 -2.7188E-03 -2.4876E-03  4.5100E-04  9.6227E-04  2.7833E-03  5.8665E-03  9.0126E-03  7.2245E-03  4.0321E-03  5.2882E-03  5.1623E-03  6.6924E-03  6.2273E-03  3.7915E-03  3.0652E-03  2.1812E-03  3.3934E-04  3.6815E-04 -5.6373E-04 -2.3620E-03
-2.2692E-02 -1.5138E-02 -2.5100E-03  3.9218E-03  8.5297E-03  2.5901E-03 -2.7078E-03  3.6708E-03  6.5025E-03  1.9959E-03 -1.0254E-03 -6.8678E-04 -2.2898E-04  2.5367E-03  1.0167E-03 -2.6538E-03 -3.9302E-03 -3.6725E-03 -2.6350E-03  1.6557E-04  3.4100E-04 -6.7032E-04 -1.2188E-03 -2.4452E-03 -1.6512E-04  2.5113E-03  3.9200E-03  2.3786E-03  1.3677E-03  1.8562E-03  2.0838E-03  6.7703E-03  8.2150E-03  8.0021E-03  7.6362E-03  5.1844E-03  1.3175E-03  2.8887E-04 -1.6204E-03 -1.7191E-03
-1.7970E-02 -1.0175E-02  5.3466E-03  1.7486E-02  1.9351E-02  8.5511E-03  9.7435E-03  6.7764E-03  7.4262E-03  5.7558E-04 -1.2125E-03 -3.7011E-03 -3.3306E-03 -5.5396E-04 -1.0395E-04 -6.3113E-04 -1.4345E-03 -6.6777E-04  3.8327E-05  2.0031E-03  3.7683E-03  2.6164E-03 -1.7181E-03 -3.9195E-03 -2.7461E-03 -9.9647E-04  5.0724E-04 -1.1330E-04 -2.1870E-03 -3.0623E-03 -1.4459E-03  3.4119E-03  6.1664E-03  6.2928E-03  4.7696E-03  2.3553E-03  3.2830E-04  2.9690E-04 -7.4580E-04 -3.2883E-03
 4.3208E-03  6.9401E-03  4.5519E-03  1.5933E-03  2.7304E-03 -6.8557E-04  6.8255E-03 -1.9960E-03 -9.5614E-04  4.0601E-03  5.3816E-03  6.0934E-04 -2.0398E-03 -2.4996E-03 -1.7861E-03  2.8724E-04  1.3785E-03  1.5461E-03  1.2734E-03  2.0611E-03  4.3103E-03  3.3059E-03 -1.9273E-03 -2.7105E-03 -1.0935E-03  1.2795E-04  1.1088E-04 -1.4823E-04 -3.9056E-04  2.2154E-03  2.4911E-03  1.0862E-03 -4.8805E-04 -2.4520E-03 -3.8499E-03 -1.9810E-03  4.6082E-04  1.9666E-03  2.3752E-04 -4.4150E-03
-5.7691E-03 -9.3686E-03 -2.3196E-02 -3.4265E-02 -3.4067E-02 -2.4917E-02 -1.9472E-02 -2.0895E-02 -9.6582E-03  8.1003E-03  1.1063E-02  9.8600E-03  5.2966E-03  2.6780E-03  1.1832E-03  1.2809E-03  2.2984E-03  2.7578E-03  1.6531E-03  7.5491E-04  1.8502E-03  1.7545E-03 -1.5725E-03 -1.4504E-03  1.5579E-04  1.7403E-03  6.6378E-04  7.2162E-04 -6.4101E-04  2.8828E-03  4.8908E-03  6.0428E-04 -3.1384E-03 -4.5297E-03 -5.7795E-03 -3.0278E-03  2.7747E-03  3.0814E-03  3.7225E-04 -1.9047E-03
-3.4908E-02 -3.5032E-02 -3.3555E-02 -3.4979E-02 -3.6475E-02 -3.1840E-02 -3.0415E-02 -2.5482E-02 -1.2416E-02  5.6219E-03  1.2203E-02  1.2021E-02  7.4337E-03  6.0821E-03  4.2218E-03  2.7307E-03  2.5682E-03  3.1141E-03  2.2967E-03  8.6892E-04  3.6118E-04  1.4362E-05 -1.1724E-03 -1.4129E-03  2.2907E-04  1.2920E-03  1.3056E-03  7.9776E-04 -4.5965E-03 -2.1266E-03  3.2354E-03  1.5713E-03 -1.9275E-03 -5.3351E-03 -5.9623E-03 -2.0323E-03  5.2363E-03  4.1736E-03  9.2886E-04 -1.8802E-04
-4.5028E-02 -3.8573E-02 -3.1487E-02 -2.2186E-02 -1.9601E-02 -2.1783E-02 -2.1498E-02 -1.7613E-02 -1.7416E-02 -1.4294E-02 -7.0653E-03 -4.5230E-03 -8.6348E-04  4.2448E-03  4.7541E-03  3.9399E-03  3.4089E-03  2.6503E-03  3.2998E-03  3.2330E-03  2.0035E-03  7.1546E-04  1.4012E-03  7.0003E-04 -1.4437E-04 -7.1520E-04  1.7650E-03  2.9745E-03  1.9700E-03  1.9101E-03  1.0755E-03  2.5037E-03  8.1100E-04 -2.4783E-03 -1.8945E-03  9.1933E-04  3.0567E-03  1.7442E-03  6.1919E-04  6.0375E-04
-3.5871E-02 -3.0964E-02 -2.9031E-02 -1.4707E-02  3.9380E-03 -4.5192E-03 -1.9142E-02 -2.4212E-02 -2.5755E-02 -2.8309E-02 -2.1558E-02 -1.0419E-02 -7.6561E-04 -7.6068E-04  6.8257E-04  2.6128E-03  2.4879E-03  1.2741E-03  1.6336E-03  1.1900E-03 -8.9929E-04 -1.3304E-03  2.0457E-03  2.7322E-03  3.7321E-03  3.7462E-03  3.4179E-03  4.1582E-03  4.9926E-03  2.5682E-03 -2.3575E-03  1.7938E-03  1.4129E-03  2.6952E-03  5.4346E-03  3.1472E-03 -2.3266E-03 -2.6359E-03 -6.5306E-04  1.4335E-03
-2.9809E-02 -2.8408E-02 -2.7408E-02 -1.6132E-02  4.5324E-03  3.5312E-03 -1.2533E-02 -1.6461E-02 -2.3172E-02 -2.5654E-02 -1.3321E-02 -3.2379E-03  1.7223E-03 -5.3177E-03 -3.5454E-03 -1.1881E-03 -7.5985E-04 -7.4994E-04 -1.2043E-03 -2.4508E-03 -3.3148E-03 -2.3517E-03 -1.7079E-04  1.2271E-03  2.6456E-03  1.2630E-03 -3.1281E-03 -3.0210E-03 -7.6039E-04 -8.3521E-04 -3.2933E-03 -9.5791E-04 -5.3278E-05  3.2627E-03  4.9614E-03  1.8015E-03 -4.4903E-03 -4.9439E-03 -2.0362E-03  9.4309E-04
-2.4314E-02 -2.8304E-02 -2.9746E-02 -2.1671E-02 -7.8950E-03  2.4789E-03  2.6656E-03 -1.5555E-03 -1.9534E-02 -1.9794E-02 -8.6197E-03 -5.0884E-03 -3.2357E-03 -8.3553E-03 -5.8093E-03 -3.9302E-03 -3.2296E-03 -3.2631E-03 -3.4092E-03 -3.2797E-03 -2.8947E-03 -2.2461E-03 -1.4850E-03 -2.4995E-03 -4.6303E-03 -5.0764E-03 -5.4986E-03 -4.0063E-03 -4.0224E-04  1.2611E-03 -7.4425E-04 -2.1385E-03 -2.9173E-03 -5.1738E-03 -3.6421E-03 -1.4186E-03  6.0723E-04  1.6083E-03  2.5888E-03  3.1909E-03
-1.5318E-02 -1.7476E-02 -1.7388E-02 -1.4271E-02 -1.0427E-02 -2.8779E-04  2.8123E-03 -5.7655E-03 -2.2733E-02 -1.8611E-02 -1.7467E-02 -1.3630E-02 -9.9432E-03 -1.0468E-02 -6.5902E-03 -4.2908E-03 -3.8033E-03 -3.6578E-03 -3.6806E-03 -3.4857E-03 -2.9739E-03 -2.7041E-03 -2.1275E-03 -4.4779E-03 -6.6953E-03 -6.9743E-03 -5.4773E-03 -2.9449E-03 -1.7951E-03 -9.8154E-04 -1.6201E-03 -5.1096E-03 -4.9084E-03 -7.2189E-03 -7.4829E-03 -4.2026E-03  3.2948E-03  5.1957E-03  4.2072E-03  2.1921E-03
-5.4862E-03 -6.1207E-03 -5.6152E-03 -3.6351E-03 -4.0399E-03 -4.3954E-03 -1.3423E-02 -2.2563E-02 -1.8785E-02  2.2711E-04 -6.9399E-03 -1.6152E-02 -1.7910E-02 -1.2077E-02 -6.6564E-03 -3.4414E-03 -3.2347E-03 -3.1684E-03 -3.3800E-03 -3.0691E-03 -2.2990E-03 -2.1791E-03 -2.5783E-03 -4.9310E-03 -6.7349E-03 -7.3246E-03 -6.3326E-03 -4.5003E-03 -4.1825E-03 -2.7539E-03 -2.0613E-04 -2.6280E-03 -2.5696E-03 -4.1350E-03 -5.4448E-03 -4.8815E-03 -2.8385E-03 -2.4252E-03 -1.9607E-03 -2.8505E-03
-1.1300E-03 -1.2319E-03 -2.0216E-04  2.9942E-03  2.2069E-03 -5.1896E-03 -2.2329E-02 -2.7553E-02 -1.4350E-02  1.1562E-02  8.4289E-03 -1.4232E-02 -1.5944E-02 -8.8915E-03 -4.3087E-03 -1.8403E-03 -1.8562E-03 -2.0001E-03 -2.3406E-03 -2.2181E-03 -1.4525E-03 -1.1204E-03 -1.7311E-03 -4.0429E-03 -5.5330E-03 -5.7296E-03 -4.7388E-03 -2.4554E-03 -1.6966E-03 -1.2911E-03  2.7573E-03  9.6913E-04  1.2537E-04 -1.3442E-03 -2.5103E-03 -2.7647E-03 -4.1671E-03 -5.2969E-03 -2.5409E-03 -2.2252E-03
